00011011, 6,
      0,       0,       0,       0,       0,       0,       0,       0,
      0,       0,       0,       0,       0,       0,       0,       0,
      0,  0x2000,  0x4000,       0,  0x2000,  0x4000,       0,       0,
 0x4000,  0x2000,       0,  0x4000,  0x2000,       0,       0,       0,
      0,       0,       0,       0,       0,       0,       0,       0,
      0,       0,       0,       0,       0,       0,       0,       0,

00011011, 6,
      0,       0,       0,       0,       0,       0,       0,       0,
      0,       0,       0,       0,       0,       0,       0,       0,
      0,  0x2000,  0x4000,       0,  0x2000,  0x4000,       0,       0,
 0x4000,  0x2000,       0,  0x4000,  0x2000,       0,       0,       0,
      0,       0,       0,       0,       0,       0,       0,       0,
      0,       0,       0,       0,       0,       0,       0,       0